operational data set;training data set;Accuracy Average ;Accuracy TNT;Accuracy Perceptron;Accuracy CRF;Similarity Cosine;Similarity LSA;Similarity Jaccard
treebank;brown_adventure;0,8106;0,7499;0,8216;0,8602;0.890;0.636;0.021
treebank;brown_belles_lettres;0,8282;0,7759;0,8245;0,8842;0.915;0.668;0.028
treebank;brown_editorial;0,8308;0,7929;0,8151;0,8844;0.917;0.686;0.031
treebank;brown_fiction;0,8191;0,7635;0,8263;0,8674;0.904;0.631;0.022
treebank;brown_government;0,8349;0,805;0,805;0,8946;0.903;0.662;0.033
treebank;brown_hobbies;0,8109;0,7499;0,8129;0,87;0.908;0.660;0.029
treebank;brown_humor;0,8141;0,7538;0,8213;0,8672;0.896;0.614;0.015
treebank;brown_learned;0,8315;0,77;0,8252;0,8994;0.903;0.645;0.028
treebank;brown_lore;0,8307;0,7753;0,828;0,8887;0.918;0.673;0.031
treebank;brown_mystery;0,8176;0,7716;0,8193;0,862;0.882;0.647;0.023
treebank;brown_religion;0,8298;0,7848;0,8192;0,8853;0.900;0.591;0.02
treebank;brown_reviews;0,8111;0,7386;0,8168;0,8778;0.915;0.643;0.022
treebank;brown_romance;0,8148;0,7689;0,8178;0,8577;0.889;0.649;0.023
treebank;brown_science_fiction;0,8201;0,7653;0,8274;0,8675;0.890;0.560;0.012
treebank;conll;0,8859;0,8704;0,849;0,9383;0.945;0.880;0.067
treebank;nps;0,5472;0,4893;0,5744;0,5778;0.487;0.366;0.008
treebank;train_sents_treebank;0,8957;0,8504;0,8963;0,9403;0.987;0.462;0.066
treebank;twitter;0,5684;0,5033;0,5691;0,6328;0.468;0.532;0.01
fiction;brown_adventure;0,9048;0,8581;0,9171;0,9391;0.991;0.943;0.064
fiction;brown_belles_lettres;0,8714;0,8052;0,8823;0,9269;0.976;0.922;0.041
fiction;brown_editorial;0,8547;0,7827;0,8644;0,9171;0.985;0.871;0.037
fiction;brown_government;0,8272;0,7324;0,8429;0,9061;0.942;0.742;0.023
fiction;brown_hobbies;0,8411;0,7595;0,8654;0,8982;0.973;0.862;0.033
fiction;brown_humor;0,8847;0,8282;0,8972;0,9288;0.971;0.903;0.036
fiction;brown_learned;0,838;0,7367;0,8649;0,9123;0.961;0.824;0.027
fiction;brown_lore;0,8655;0,7953;0,879;0,9222;0.980;0.912;0.042
fiction;brown_mystery;0,9064;0,8671;0,9126;0,9396;0.988;0.932;0.063
fiction;brown_religion;0,8717;0,8135;0,8776;0,9242;0.967;0.848;0.033
fiction;brown_reviews;0,8488;0,7666;0,8688;0,9112;0.965;0.872;0.031
fiction;brown_romance;0,9062;0,8697;0,9098;0,939;0.990;0.950;0.066
fiction;brown_science_fiction;0,8916;0,8359;0,9056;0,9332;0.987;0.866;0.03
fiction;conll;0,7782;0,6521;0,8427;0,8399;0.953;0.785;0.024
fiction;nps;0,5612;0,4604;0,6103;0,613;0.607;0.495;0.018
fiction;train_sents_brown_fiction;0,8795;0,8239;0,8879;0,9265;0.987;0.330;0.051
fiction;treebank;0,7642;0,6143;0,8863;0,7919;0.904;0.631;0.022
fiction;twitter;0,6214;0,5358;0,6367;0,6918;0.578;0.715;0.019
reviews;brown_adventure;0,8381;0,7899;0,8201;0,9042;0.944;0.858;0.029
reviews;brown_belles_lettres;0,8485;0,8085;0,8119;0,9251;0.992;0.923;0.03
reviews;brown_editorial;0,8297;0,7953;0,7775;0,9164;0.979;0.888;0.034
reviews;brown_fiction;0,8446;0,8019;0,82;0,9118;0.965;0.872;0.031
reviews;brown_government;0,8108;0,7721;0,746;0,9143;0.967;0.799;0.026
reviews;brown_hobbies;0,8142;0,7618;0,7839;0,8968;0.972;0.872;0.03
reviews;brown_humor;0,8426;0,7997;0,8146;0,9136;0.973;0.859;0.028
reviews;brown_learned;0,8277;0,7706;0,7928;0,9197;0.972;0.862;0.024
reviews;brown_lore;0,8365;0,791;0,8013;0,9172;0.989;0.905;0.032
reviews;brown_mystery;0,8401;0,8079;0,8073;0,9051;0.935;0.854;0.031
reviews;brown_religion;0,8454;0,8132;0,7985;0,9244;0.980;0.847;0.031
reviews;brown_romance;0,842;0,8141;0,8085;0,9032;0.950;0.870;0.032
reviews;brown_science_fiction;0,8476;0,8081;0,8219;0,9129;0.956;0.805;0.024
reviews;conll;0,722;0,6736;0,6455;0,8469;0.963;0.807;0.02
reviews;nps;0,5057;0,4391;0,5148;0,5632;0.510;0.447;0.01
reviews;train_sents_brown_reviews;0,8355;0,7297;0,8726;0,9043;0.990;0.255;0.029
reviews;treebank;0,6776;0,633;0,6037;0,7961;0.915;0.643;0.022
reviews;twitter;0,5766;0,5144;0,5563;0,6592;0.479;0.651;0.012
conll;brown_adventure;0,8481;0,7917;0,8781;0,8745;0.939;0.785;0.023
conll;brown_belles_lettres;0,8672;0,8164;0,887;0,8982;0.963;0.837;0.037
conll;brown_editorial;0,8718;0,8313;0,8859;0,8982;0.967;0.856;0.031
conll;brown_fiction;0,856;0,8039;0,8821;0,8819;0.953;0.785;0.024
conll;brown_government;0,8793;0,8479;0,8821;0,9079;0.952;0.836;0.031
conll;brown_hobbies;0,854;0,7973;0,8785;0,8862;0.958;0.831;0.03
conll;brown_humor;0,8545;0,7983;0,8819;0,8834;0.942;0.767;0.013
conll;brown_learned;0,8747;0,8136;0,8964;0,9142;0.952;0.817;0.034
conll;brown_lore;0,8695;0,8184;0,8877;0,9024;0.967;0.841;0.035
conll;brown_mystery;0,8554;0,8103;0,8789;0,8768;0.931;0.795;0.024
conll;brown_religion;0,868;0,821;0,8837;0,8992;0.947;0.759;0.018
conll;brown_reviews;0,8624;0,7871;0,9076;0,8926;0.963;0.807;0.02
conll;brown_romance;0,8516;0,808;0,874;0,8729;0.937;0.798;0.025
conll;brown_science_fiction;0,858;0,8053;0,8827;0,8861;0.938;0.704;0.01
conll;nps;0,6041;0,5442;0,6502;0,6178;0.516;0.416;0.008
conll;train_sents_conll;0,9153;0,9001;0,8907;0,9551;0.997;0.531;0.085
conll;treebank;0,8658;0,8479;0,86;0,8894;0.945;0.880;0.067
conll;twitter;0,6096;0,5392;0,6392;0,6504;0.494;0.616;0.009
nps;brown_adventure;0,7924;0,6796;0,8736;0,8239;0.618;0.507;0.019
nps;brown_belles_lettres;0,7808;0,6356;0,8736;0,8333;0.526;0.464;0.01
nps;brown_editorial;0,7776;0,6289;0,8724;0,8314;0.580;0.445;0.013
nps;brown_fiction;0,8016;0,69;0,8772;0,8374;0.607;0.495;0.018
nps;brown_government;0,7575;0,5789;0,867;0,8265;0.538;0.375;0.007
nps;brown_hobbies;0,7666;0,6172;0,8652;0,8173;0.589;0.454;0.011
nps;brown_humor;0,789;0,6637;0,8767;0,8265;0.533;0.471;0.014
nps;brown_learned;0,7711;0,5998;0,879;0,8346;0.562;0.423;0.007
nps;brown_lore;0,7813;0,6354;0,875;0,8335;0.546;0.460;0.011
nps;brown_mystery;0,8021;0,7014;0,8749;0,8299;0.627;0.511;0.021
nps;brown_religion;0,7852;0,6512;0,8711;0,8334;0.546;0.420;0.011
nps;brown_reviews;0,7797;0,61;0,8997;0,8294;0.510;0.447;0.01
nps;brown_romance;0,8022;0,7036;0,8724;0,8308;0.602;0.519;0.021
nps;brown_science_fiction;0,7905;0,6689;0,8775;0,8251;0.592;0.424;0.013
nps;conll;0,7767;0,5704;0,9362;0,8234;0.516;0.416;0.008
nps;train_sents_nps;0,8609;0,8072;0,896;0,8795;0.957;0.635;0.069
nps;treebank;0,73;0,5395;0,868;0,7825;0.487;0.366;0.008
nps;twitter;0,6521;0,5401;0,7326;0,6837;0.722;0.755;0.029
twitter;brown_adventure;0,8284;0,723;0,8991;0,8631;0.590;0.712;0.018
twitter;brown_belles_lettres;0,8104;0,6815;0,8892;0,8605;0.501;0.687;0.012
twitter;brown_editorial;0,8044;0,6755;0,8822;0,8556;0.543;0.658;0.015
twitter;brown_fiction;0,8316;0,7289;0,8956;0,8704;0.578;0.715;0.019
twitter;brown_government;0,7907;0,6356;0,8776;0,859;0.496;0.557;0.009
twitter;brown_hobbies;0,794;0,6565;0,8781;0,8475;0.546;0.666;0.012
twitter;brown_humor;0,8193;0,7056;0,8914;0,8607;0.521;0.686;0.014
twitter;brown_learned;0,7933;0,6358;0,8882;0,8557;0.515;0.623;0.008
twitter;brown_lore;0,8064;0,6757;0,8852;0,8582;0.517;0.682;0.013
twitter;brown_mystery;0,8368;0,7483;0,8963;0,8658;0.581;0.707;0.021
twitter;brown_religion;0,8119;0,6963;0,8844;0,8551;0.519;0.640;0.013
twitter;brown_reviews;0,8067;0,6555;0,9109;0,8536;0.479;0.651;0.012
twitter;brown_romance;0,8347;0,7492;0,8911;0,8638;0.581;0.728;0.022
twitter;brown_science_fiction;0,8225;0,7147;0,8948;0,8581;0.554;0.647;0.013
twitter;conll;0,7691;0,5931;0,9127;0,8015;0.494;0.616;0.009
twitter;nps;0,685;0,5361;0,8519;0,667;0.722;0.755;0.029
twitter;train_sents_twitter;0,7795;0,6675;0,856;0,8149;0.881;0.315;0.033
twitter;treebank;0,7148;0,5524;0,8289;0,7631;0.468;0.532;0.01
editorial;brown_adventure;0,8841;0,8126;0,9219;0,9179;0.971;0.856;0.034
editorial;brown_belles_lettres;0,8959;0,8336;0,9178;0,9364;0.985;0.936;0.041
editorial;brown_fiction;0,8899;0,8258;0,9203;0,9237;0.985;0.871;0.037
editorial;brown_government;0,8954;0,8458;0,9062;0,9341;0.969;0.866;0.038
editorial;brown_hobbies;0,8696;0,7922;0,9064;0,9101;0.986;0.890;0.037
editorial;brown_humor;0,8875;0,8207;0,9173;0,9245;0.962;0.851;0.027
editorial;brown_learned;0,8845;0,8074;0,9138;0,9324;0.978;0.893;0.033
editorial;brown_lore;0,89;0,8246;0,9144;0,9309;0.991;0.928;0.043
editorial;brown_mystery;0,891;0,8346;0,9188;0,9196;0.967;0.854;0.038
editorial;brown_religion;0,9035;0,8541;0,9177;0,9389;0.978;0.877;0.036
editorial;brown_reviews;0,8839;0,7943;0,9338;0,9236;0.979;0.888;0.034
editorial;brown_romance;0,8891;0,8357;0,9159;0,9159;0.968;0.869;0.038
editorial;brown_science_fiction;0,8903;0,8283;0,9191;0,9236;0.972;0.802;0.024
editorial;conll;0,8355;0,7348;0,9069;0,8649;0.967;0.856;0.031
editorial;nps;0,619;0,4494;0,8302;0,5772;0.580;0.445;0.013
editorial;train_sents_brown_editorial;0,8797;0,8112;0,9065;0,9215;0.986;0.362;0.038
editorial;treebank;0,7762;0,6891;0,8265;0,8131;0.917;0.686;0.031
editorial;twitter;0,6997;0,5319;0,8945;0,6727;0.543;0.658;0.015
religion;brown_adventure;0,8617;0,7646;0,9229;0,8977;0.944;0.826;0.029
religion;brown_belles_lettres;0,8823;0,7989;0,9218;0,9263;0.988;0.915;0.032
religion;brown_editorial;0,879;0,7835;0,9377;0,9159;0.978;0.877;0.036
religion;brown_fiction;0,8702;0,7829;0,9203;0,9075;0.967;0.848;0.033
religion;brown_government;0,8636;0,7639;0,9082;0,9188;0.969;0.793;0.03
religion;brown_hobbies;0,8434;0,7328;0,9078;0,8898;0.975;0.844;0.028
religion;brown_humor;0,8679;0,7788;0,9168;0,9083;0.966;0.821;0.029
religion;brown_learned;0,8691;0,7706;0,9161;0,9206;0.975;0.869;0.026
religion;brown_lore;0,8705;0,7777;0,9177;0,9161;0.986;0.895;0.032
religion;brown_mystery;0,8666;0,7819;0,9191;0,8987;0.938;0.818;0.031
religion;brown_reviews;0,8631;0,7445;0,9352;0,9095;0.980;0.847;0.031
religion;brown_romance;0,8661;0,786;0,9168;0,8956;0.951;0.842;0.032
religion;brown_science_fiction;0,8737;0,7903;0,9196;0,9112;0.957;0.784;0.026
religion;conll;0,796;0,6502;0,9032;0,8345;0.947;0.759;0.018
religion;nps;0,5974;0,4196;0,8228;0,5498;0.546;0.420;0.011
religion;train_sents_brown_religion;0,8761;0,786;0,9206;0,9219;0.974;0.333;0.034
religion;treebank;0,7412;0,6108;0,8252;0,7876;0.900;0.591;0.02
religion;twitter;0,6759;0,4867;0,8895;0,6516;0.519;0.640;0.013
hobbies;brown_adventure;0,8907;0,8231;0,9276;0,9213;0.954;0.854;0.033
hobbies;brown_belles_lettres;0,8954;0,8277;0,9242;0,9344;0.978;0.910;0.036
hobbies;brown_editorial;0,8981;0,8268;0,9353;0,9322;0.986;0.890;0.037
hobbies;brown_fiction;0,8928;0,8296;0,9249;0,9239;0.973;0.862;0.033
hobbies;brown_government;0,903;0,8523;0,9162;0,9404;0.978;0.854;0.037
hobbies;brown_humor;0,8879;0,8183;0,9221;0,9233;0.943;0.837;0.021
hobbies;brown_learned;0,8971;0,8294;0,9226;0,9394;0.988;0.911;0.036
hobbies;brown_lore;0,8938;0,8266;0,9215;0,9334;0.987;0.913;0.041
hobbies;brown_mystery;0,8943;0,8381;0,9238;0,921;0.950;0.848;0.033
hobbies;brown_religion;0,9033;0,8335;0,9414;0,9351;0.975;0.844;0.028
hobbies;brown_reviews;0,8898;0,8057;0,9371;0,9264;0.972;0.872;0.03
hobbies;brown_romance;0,8906;0,8366;0,9206;0,9147;0.948;0.859;0.033
hobbies;brown_science_fiction;0,8933;0,8334;0,9236;0,9228;0.955;0.796;0.018
hobbies;conll;0,8295;0,725;0,9026;0,861;0.958;0.831;0.03
hobbies;nps;0,6126;0,4474;0,8179;0,5724;0.589;0.454;0.011
hobbies;train_sents_brown_hobbies;0,8665;0,7807;0,9103;0,9085;0.979;0.351;0.032
hobbies;treebank;0,772;0,6819;0,8257;0,8086;0.908;0.660;0.029
hobbies;twitter;0,6968;0,5335;0,8762;0,6806;0.546;0.666;0.012
lore;brown_adventure;0,908;0,8571;0,9345;0,9324;0.961;0.900;0.041
lore;brown_belles_lettres;0,9154;0,8695;0,9319;0,9449;0.994;0.957;0.051
lore;brown_editorial;0,9147;0,8677;0,9375;0,939;0.991;0.928;0.043
lore;brown_fiction;0,9114;0,8651;0,9321;0,937;0.980;0.912;0.042
lore;brown_government;0,9084;0,8663;0,9201;0,9389;0.976;0.846;0.035
lore;brown_hobbies;0,9011;0,8376;0,9422;0,9233;0.987;0.913;0.041
lore;brown_humor;0,9044;0,8511;0,9285;0,9336;0.970;0.886;0.025
lore;brown_learned;0,9064;0,8496;0,9278;0,9419;0.984;0.909;0.041
lore;brown_mystery;0,9121;0,8706;0,9307;0,9349;0.954;0.891;0.038
lore;brown_religion;0,9249;0,8842;0,944;0,9465;0.986;0.895;0.032
lore;brown_reviews;0,9007;0,8295;0,941;0,9318;0.989;0.905;0.032
lore;brown_romance;0,9107;0,8731;0,9288;0,9302;0.962;0.909;0.041
lore;brown_science_fiction;0,9079;0,8612;0,9302;0,9323;0.967;0.843;0.02
lore;conll;0,8409;0,7523;0,9035;0,867;0.967;0.841;0.035
lore;nps;0,6189;0,4658;0,8225;0,5684;0.546;0.460;0.011
lore;train_sents_brown_lore;0,8929;0,8195;0,9251;0,9342;0.991;0.350;0.038
lore;treebank;0,7829;0,7054;0,8283;0,8151;0.918;0.673;0.031
lore;twitter;0,701;0,5472;0,8735;0,6823;0.517;0.682;0.013
belles_lettres;brown_adventure;0,9155;0,8674;0,9438;0,9353;0.954;0.907;0.038
belles_lettres;brown_editorial;0,9236;0,8823;0,9452;0,9433;0.985;0.936;0.041
belles_lettres;brown_fiction;0,9216;0,8811;0,9425;0,9411;0.976;0.922;0.041
belles_lettres;brown_government;0,9163;0,8784;0,9283;0,9422;0.972;0.846;0.033
belles_lettres;brown_hobbies;0,9014;0,8388;0,9452;0,9202;0.978;0.910;0.036
belles_lettres;brown_humor;0,9164;0,8705;0,9404;0,9384;0.980;0.901;0.023
belles_lettres;brown_learned;0,9151;0,8644;0,9365;0,9444;0.977;0.916;0.045
belles_lettres;brown_lore;0,9252;0,8778;0,9522;0,9454;0.994;0.957;0.051
belles_lettres;brown_mystery;0,9205;0,8826;0,9405;0,9385;0.948;0.900;0.036
belles_lettres;brown_religion;0,9386;0,9082;0,9547;0,9529;0.988;0.915;0.032
belles_lettres;brown_reviews;0,9148;0,854;0,9521;0,9382;0.992;0.923;0.03
belles_lettres;brown_romance;0,9195;0,8835;0,9388;0,9361;0.963;0.918;0.04
belles_lettres;brown_science_fiction;0,9201;0,8823;0,9405;0,9376;0.964;0.860;0.016
belles_lettres;conll;0,8398;0,7564;0,9041;0,8589;0.963;0.837;0.037
belles_lettres;nps;0,6163;0,4738;0,8206;0,5545;0.526;0.464;0.01
belles_lettres;train_sents_brown_belles_lettres;0,9098;0,8521;0,9363;0,941;0.995;0.437;0.049
belles_lettres;treebank;0,7819;0,7102;0,831;0,8043;0.915;0.668;0.028
belles_lettres;twitter;0,7024;0,5614;0,8723;0,6735;0.501;0.687;0.012
government;brown_adventure;0,8541;0,7466;0,9397;0,876;0.913;0.726;0.021
government;brown_belles_lettres;0,893;0,8007;0,9567;0,9217;0.972;0.846;0.033
government;brown_editorial;0,8921;0,8112;0,945;0,9201;0.969;0.866;0.038
government;brown_fiction;0,8614;0,7604;0,939;0,8847;0.942;0.742;0.023
government;brown_hobbies;0,8782;0,7857;0,9465;0,9024;0.978;0.854;0.037
government;brown_humor;0,8646;0,7638;0,9363;0,8938;0.929;0.730;0.017
government;brown_learned;0,8954;0,8157;0,9394;0,9311;0.982;0.889;0.037
government;brown_lore;0,8844;0,7897;0,9502;0,9132;0.976;0.846;0.035
government;brown_mystery;0,8592;0,7638;0,9354;0,8783;0.907;0.728;0.022
government;brown_religion;0,9008;0,8225;0,9531;0,9268;0.969;0.793;0.03
government;brown_reviews;0,8704;0,7569;0,9502;0,9041;0.967;0.799;0.026
government;brown_romance;0,8522;0,7578;0,9341;0,8646;0.914;0.739;0.023
government;brown_science_fiction;0,8673;0,7738;0,9369;0,8912;0.922;0.691;0.015
government;conll;0,8279;0,728;0,9037;0,8521;0.952;0.836;0.031
government;nps;0,5728;0,4086;0,816;0,4937;0.538;0.375;0.007
government;train_sents_brown_government;0,8903;0,8164;0,9322;0,9224;0.976;0.380;0.041
government;treebank;0,7691;0,6811;0,8318;0,7944;0.903;0.662;0.033
government;twitter;0,6356;0,4844;0,8636;0,5588;0.496;0.557;0.009
learned;brown_adventure;0,8975;0,8301;0,941;0,9214;0.938;0.811;0.025
learned;brown_belles_lettres;0,9236;0,8667;0,958;0,9462;0.977;0.916;0.045
learned;brown_editorial;0,9165;0,8623;0,9465;0,9406;0.978;0.893;0.033
learned;brown_fiction;0,9032;0,8404;0,9405;0,9288;0.961;0.824;0.027
learned;brown_government;0,9308;0,8894;0,9544;0,9487;0.982;0.889;0.037
learned;brown_hobbies;0,9053;0,8409;0,9489;0,926;0.988;0.911;0.036
learned;brown_humor;0,9016;0,8337;0,9404;0,9307;0.939;0.813;0.016
learned;brown_lore;0,917;0,856;0,953;0,942;0.984;0.909;0.041
learned;brown_mystery;0,9022;0,8456;0,9376;0,9234;0.931;0.806;0.025
learned;brown_religion;0,9288;0,8826;0,9567;0,947;0.975;0.869;0.026
learned;brown_reviews;0,9041;0,8257;0,9534;0,9332;0.972;0.862;0.024
learned;brown_romance;0,899;0,8425;0,9362;0,9184;0.933;0.818;0.025
learned;brown_science_fiction;0,9046;0,8489;0,9382;0,9267;0.943;0.776;0.012
learned;conll;0,8445;0,7635;0,905;0,865;0.952;0.817;0.034
learned;nps;0,601;0,4585;0,8095;0,535;0.562;0.423;0.007
learned;train_sents_brown_learned;0,9054;0,8315;0,9437;0,9409;0.985;0.425;0.041
learned;treebank;0,7884;0,7157;0,8348;0,8146;0.903;0.645;0.028
learned;twitter;0,6773;0,5321;0,8564;0,6432;0.515;0.623;0.008
mystery;brown_adventure;0,9082;0,8432;0,9455;0,9359;0.994;0.937;0.066
mystery;brown_belles_lettres;0,8798;0,7654;0,9556;0,9183;0.948;0.900;0.036
mystery;brown_editorial;0,8677;0,7491;0,9446;0,9096;0.967;0.854;0.038
mystery;brown_fiction;0,9046;0,8353;0,9434;0,935;0.988;0.932;0.063
mystery;brown_government;0,8534;0,7059;0,9509;0,9033;0.907;0.728;0.022
mystery;brown_hobbies;0,8573;0,7323;0,9458;0,8938;0.950;0.848;0.033
mystery;brown_humor;0,8897;0,8054;0,9403;0,9234;0.954;0.893;0.041
mystery;brown_learned;0,8622;0,7185;0,9606;0,9076;0.931;0.806;0.025
mystery;brown_lore;0,8753;0,7613;0,9504;0,9143;0.954;0.891;0.038
mystery;brown_religion;0,8801;0,7717;0,9544;0,9143;0.938;0.818;0.031
mystery;brown_reviews;0,8621;0,7297;0,9509;0,9058;0.935;0.854;0.031
mystery;brown_romance;0,9093;0,8524;0,9406;0,9349;0.990;0.940;0.069
mystery;brown_science_fiction;0,8976;0,8173;0,9425;0,9331;0.982;0.852;0.036
mystery;conll;0,795;0,6387;0,9038;0,8426;0.931;0.795;0.024
mystery;nps;0,6204;0,4507;0,8082;0,6023;0.627;0.511;0.021
mystery;train_sents_brown_mystery;0,8974;0,8248;0,9416;0,9258;0.992;0.289;0.062
mystery;treebank;0,7395;0,5932;0,8333;0,7919;0.882;0.647;0.023
mystery;twitter;0,6903;0,5246;0,864;0,6822;0.581;0.707;0.021
science_fiction;brown_adventure;0,8644;0,7496;0,9433;0,9003;0.985;0.867;0.031
science_fiction;brown_belles_lettres;0,8528;0,7095;0,9536;0,8952;0.964;0.860;0.016
science_fiction;brown_editorial;0,8385;0,6889;0,9425;0,884;0.972;0.802;0.024
science_fiction;brown_fiction;0,8654;0,7511;0,9419;0,9034;0.987;0.866;0.03
science_fiction;brown_government;0,8235;0,646;0,949;0,8756;0.922;0.691;0.015
science_fiction;brown_hobbies;0,8222;0,6619;0,9442;0,8606;0.955;0.796;0.018
science_fiction;brown_humor;0,8568;0,7361;0,9389;0,8954;0.970;0.829;0.033
science_fiction;brown_learned;0,8349;0,6671;0,9584;0,8792;0.943;0.776;0.012
science_fiction;brown_lore;0,8431;0,6965;0,9476;0,8853;0.967;0.843;0.02
science_fiction;brown_mystery;0,8737;0,7655;0,9558;0,8997;0.982;0.852;0.036
science_fiction;brown_religion;0,857;0,7261;0,9518;0,8931;0.957;0.784;0.026
science_fiction;brown_reviews;0,8318;0,6708;0,9492;0,8755;0.956;0.805;0.024
science_fiction;brown_romance;0,8705;0,7706;0,939;0,9018;0.986;0.877;0.034
science_fiction;conll;0,7498;0,5561;0,9034;0,7898;0.938;0.704;0.01
science_fiction;nps;0,6079;0,4085;0,811;0,6042;0.592;0.424;0.013
science_fiction;train_sents_brown_science_fiction;0,8458;0,7093;0,943;0,8851;0.969;0.179;0.028
science_fiction;treebank;0,7006;0,5225;0,8326;0,7467;0.890;0.560;0.012
science_fiction;twitter;0,6568;0,4662;0,8611;0,6431;0.554;0.647;0.013
adventure;brown_belles_lettres;0,8859;0,782;0,9545;0,9211;0.954;0.907;0.038
adventure;brown_editorial;0,8705;0,7569;0,9434;0,911;0.971;0.856;0.034
adventure;brown_fiction;0,9121;0,8498;0,946;0,9404;0.991;0.943;0.064
adventure;brown_government;0,8535;0,7078;0,9494;0,9032;0.913;0.726;0.021
adventure;brown_hobbies;0,8625;0,7462;0,9454;0,896;0.954;0.854;0.033
adventure;brown_humor;0,8946;0,8144;0,942;0,9275;0.959;0.897;0.037
adventure;brown_learned;0,8654;0,7299;0,9582;0,908;0.938;0.811;0.025
adventure;brown_lore;0,8821;0,7785;0,9494;0,9185;0.961;0.900;0.041
adventure;brown_mystery;0,9218;0,8685;0,9544;0,9424;0.994;0.937;0.066
adventure;brown_religion;0,8846;0,7849;0,9536;0,9154;0.944;0.826;0.029
adventure;brown_reviews;0,8662;0,7407;0,9503;0,9077;0.944;0.858;0.029
adventure;brown_romance;0,9149;0,8621;0,9434;0,9392;0.990;0.946;0.065
adventure;brown_science_fiction;0,9091;0,8357;0,9564;0,9352;0.985;0.867;0.031
adventure;conll;0,7948;0,6386;0,9042;0,8418;0.939;0.785;0.023
adventure;nps;0,6292;0,4588;0,8121;0,6167;0.618;0.507;0.019
adventure;train_sents_brown_adventure;0,8923;0,8126;0,9447;0,9197;0.991;0.297;0.057
adventure;treebank;0,7399;0,5955;0,8339;0,7902;0.890;0.636;0.021
adventure;twitter;0,6924;0,5283;0,8657;0,6834;0.590;0.712;0.018
romance;brown_adventure;0,9159;0,8495;0,9599;0,9383;0.990;0.946;0.065
romance;brown_belles_lettres;0,8903;0,792;0,9553;0,9236;0.963;0.918;0.04
romance;brown_editorial;0,876;0,7692;0,9442;0,9147;0.968;0.869;0.038
romance;brown_fiction;0,913;0,8529;0,9465;0,9396;0.990;0.950;0.066
romance;brown_government;0,8583;0,7241;0,9496;0,9014;0.914;0.739;0.023
romance;brown_hobbies;0,8629;0,7492;0,9454;0,8941;0.948;0.859;0.033
romance;brown_humor;0,8979;0,8205;0,9429;0,9303;0.978;0.911;0.04
romance;brown_learned;0,8662;0,7314;0,9583;0,909;0.933;0.818;0.025
romance;brown_lore;0,8848;0,7859;0,9498;0,9186;0.962;0.909;0.041
romance;brown_mystery;0,9197;0,8643;0,9542;0,9406;0.990;0.940;0.069
romance;brown_religion;0,8943;0,8073;0,9548;0,9208;0.951;0.842;0.032
romance;brown_reviews;0,8697;0,7493;0,9516;0,9082;0.950;0.870;0.032
romance;brown_science_fiction;0,9096;0,8352;0,9551;0,9383;0.986;0.877;0.034
romance;conll;0,7971;0,6528;0,9049;0,8336;0.937;0.798;0.025
romance;nps;0,6317;0,4611;0,8094;0,6246;0.602;0.519;0.021
romance;train_sents_brown_romance;0,9031;0,8377;0,9432;0,9284;0.989;0.331;0.062
romance;treebank;0,7433;0,6076;0,8341;0,7882;0.889;0.649;0.023
romance;twitter;0,6966;0,5342;0,8628;0,6927;0.581;0.728;0.022
humor;brown_adventure;0,8809;0,7788;0,9572;0,9068;0.959;0.897;0.037
humor;brown_belles_lettres;0,8715;0,749;0,9545;0,9111;0.980;0.901;0.023
humor;brown_editorial;0,8559;0,7249;0,9432;0,8996;0.962;0.851;0.027
humor;brown_fiction;0,8815;0,7871;0,9444;0,913;0.971;0.903;0.036
humor;brown_government;0,8361;0,6718;0,9485;0,8881;0.929;0.730;0.017
humor;brown_hobbies;0,8371;0,6933;0,9432;0,8747;0.943;0.837;0.021
humor;brown_learned;0,8498;0,6958;0,9573;0,8963;0.939;0.813;0.016
humor;brown_lore;0,861;0,7323;0,9487;0,9021;0.970;0.886;0.025
humor;brown_mystery;0,8882;0,8043;0,9519;0,9085;0.954;0.893;0.041
humor;brown_religion;0,8725;0,7559;0,9537;0,908;0.966;0.821;0.029
humor;brown_reviews;0,854;0,7145;0,9505;0,897;0.973;0.859;0.028
humor;brown_romance;0,8897;0,804;0,9561;0,9092;0.978;0.911;0.04
humor;brown_science_fiction;0,882;0,7818;0,9523;0,9118;0.970;0.829;0.033
humor;conll;0,7732;0,604;0,9031;0,8126;0.942;0.767;0.013
humor;nps;0,6149;0,426;0,8141;0,6047;0.533;0.471;0.014
humor;train_sents_brown_humor;0,8511;0,7272;0,9408;0,8855;0.983;0.201;0.026
humor;treebank;0,7223;0,5651;0,8328;0,7691;0.896;0.614;0.015
humor;twitter;0,6717;0,489;0,8616;0,6644;0.521;0.686;0.014
